485
Doll000.xyz Doll001.xyz 0.956847 0.060088 -0.284315 0.338426 -0.059574 0.998169 0.010459 -0.007359 0.284424 0.006929 0.958674 0.031787 0.000000 0.000000 0.000000 1.000000
Doll000.xyz Doll002.xyz 0.821616 0.118857 -0.557514 0.650163 -0.145443 0.989360 -0.003419 0.006436 0.551177 0.083896 0.830161 0.187407 0.000000 0.000000 0.000000 1.000000
Doll000.xyz Doll003.xyz 0.276799 0.238754 -0.930795 1.068960 -0.258858 0.951361 0.167050 -0.196234 0.925407 0.194705 0.325137 0.786980 0.000000 0.000000 0.000000 1.000000
Doll000.xyz Doll004.xyz -0.164442 0.247902 -0.954728 1.091169 -0.259440 0.922954 0.284338 -0.332769 0.951657 0.294451 -0.087457 1.268077 0.000000 0.000000 0.000000 1.000000
Doll000.xyz Doll009.xyz -0.223904 -0.175213 0.958732 -1.135839 0.254362 0.939109 0.231030 -0.243076 -0.940834 0.295593 -0.165702 1.260476 0.000000 0.000000 0.000000 1.000000
Doll000.xyz Doll010.xyz 0.068151 -0.189913 0.979434 -1.139548 0.254462 0.952557 0.166994 -0.171701 -0.964679 0.237847 0.113243 0.944549 0.000000 0.000000 0.000000 1.000000
Doll000.xyz Doll011.xyz 0.531486 -0.158976 0.832016 -0.929649 0.200526 0.977926 0.058761 -0.048757 -0.822992 0.135610 0.551632 0.443852 0.000000 0.000000 0.000000 1.000000
Doll000.xyz Doll012.xyz 0.784764 -0.129002 0.606220 -0.653621 0.157027 0.987571 0.006877 0.005774 -0.599574 0.089796 0.795266 0.192814 0.000000 0.000000 0.000000 1.000000
Doll000.xyz Doll013.xyz 0.920928 -0.104064 0.375586 -0.385492 0.117231 0.993029 -0.012308 0.025959 -0.371688 0.055364 0.926705 0.035809 0.000000 0.000000 0.000000 1.000000
Doll000.xyz Doll014.xyz 0.998384 -0.056475 0.006359 0.053895 0.046639 0.750217 -0.659545 0.768480 0.032478 0.658776 0.751638 0.237797 0.000000 0.000000 0.000000 1.000000
Doll001.xyz Doll002.xyz 0.951811 0.063860 -0.299964 0.338050 -0.078747 0.996178 -0.037789 0.041618 0.296405 0.059590 0.953202 0.057234 0.000000 0.000000 0.000000 1.000000
Doll001.xyz Doll003.xyz 0.543839 0.212090 -0.811946 0.912281 -0.238017 0.966788 0.093114 -0.111528 0.804730 0.142618 0.576257 0.497370 0.000000 0.000000 0.000000 1.000000
Doll001.xyz Doll004.xyz 0.128993 0.247258 -0.960325 1.079860 -0.273628 0.939695 0.205192 -0.239773 0.953147 0.236302 0.188870 0.941243 0.000000 0.000000 0.000000 1.000000
Doll001.xyz Doll009.xyz -0.497351 -0.151525 0.854213 -0.995790 0.234129 0.924652 0.300337 -0.325053 -0.835360 0.349368 -0.424401 1.559246 0.000000 0.000000 0.000000 1.000000
Doll001.xyz Doll010.xyz -0.224669 -0.183380 0.957024 -1.095284 0.253238 0.937400 0.239069 -0.258104 -0.940954 0.296066 -0.164165 1.270390 0.000000 0.000000 0.000000 1.000000
Doll001.xyz Doll011.xyz 0.262442 -0.181645 0.947696 -1.049928 0.233926 0.964803 0.120144 -0.124642 -0.936165 0.190161 0.295697 0.752675 0.000000 0.000000 0.000000 1.000000
Doll001.xyz Doll012.xyz 0.570789 -0.169176 0.803478 -0.873577 0.207636 0.976479 0.058098 -0.059156 -0.794410 0.133669 0.592490 0.443813 0.000000 0.000000 0.000000 1.000000
Doll001.xyz Doll013.xyz 0.768148 -0.154808 0.621276 -0.666341 0.175340 0.984098 0.028426 -0.027042 -0.615798 0.087100 0.783075 0.219960 0.000000 0.000000 0.000000 1.000000
Doll001.xyz Doll014.xyz 0.950098 -0.115784 0.289668 -0.277703 0.277224 0.739166 -0.613824 0.699612 -0.143042 0.663497 0.734377 0.267745 0.000000 0.000000 0.000000 1.000000
Doll002.xyz Doll003.xyz 0.774731 0.199138 -0.600114 0.676443 -0.192739 0.978318 0.075817 -0.091427 0.602201 0.056927 0.796313 0.245850 0.000000 0.000000 0.000000 1.000000
Doll002.xyz Doll004.xyz 0.426631 0.272446 -0.862415 0.973658 -0.261983 0.949897 0.170481 -0.200500 0.865651 0.153205 0.476629 0.614953 0.000000 0.000000 0.000000 1.000000
Doll002.xyz Doll005.xyz -0.299053 0.270638 -0.915052 1.016683 -0.252372 0.902361 0.349363 -0.405963 0.920259 0.335413 -0.201552 1.392059 0.000000 0.000000 0.000000 1.000000
Doll002.xyz Doll010.xyz -0.512627 -0.201153 0.834717 -0.961393 0.229185 0.904841 0.358801 -0.393773 -0.827459 0.375235 -0.417743 1.558406 0.000000 0.000000 0.000000 1.000000
Doll002.xyz Doll011.xyz -0.046080 -0.237430 0.970311 -1.080005 0.248228 0.938155 0.241350 -0.261413 -0.967606 0.251979 0.015707 1.068389 0.000000 0.000000 0.000000 1.000000
Doll002.xyz Doll012.xyz 0.291464 -0.243841 0.924980 -1.014899 0.242561 0.954202 0.175111 -0.190888 -0.925318 0.173325 0.337262 0.730101 0.000000 0.000000 0.000000 1.000000
Doll002.xyz Doll013.xyz 0.534884 -0.238184 0.810659 -0.883643 0.221209 0.965456 0.137709 -0.149883 -0.815455 0.105666 0.569093 0.458656 0.000000 0.000000 0.000000 1.000000
Doll002.xyz Doll014.xyz 0.810029 -0.201104 0.550826 -0.574691 0.495193 0.737708 -0.458881 0.527773 -0.314065 0.644473 0.697149 0.307192 0.000000 0.000000 0.000000 1.000000
Doll003.xyz Doll004.xyz 0.902326 0.118924 -0.414326 0.476022 -0.116114 0.992719 0.032065 -0.039076 0.415122 0.019175 0.909563 0.112284 0.000000 0.000000 0.000000 1.000000
Doll003.xyz Doll005.xyz 0.371346 0.253031 -0.893351 1.008254 -0.225484 0.957923 0.177593 -0.209517 0.900700 0.135489 0.412775 0.693694 0.000000 0.000000 0.000000 1.000000
Doll003.xyz Doll006.xyz -0.212884 0.286498 -0.934130 1.035334 -0.220640 0.917254 0.331606 -0.380712 0.951841 0.276700 -0.132057 1.305349 0.000000 0.000000 0.000000 1.000000
Doll003.xyz Doll007.xyz -0.614264 0.241905 -0.751107 0.801128 -0.163892 0.891985 0.421309 -0.473949 0.771893 0.381896 -0.508269 1.705469 0.000000 0.000000 0.000000 1.000000
Doll003.xyz Doll012.xyz -0.377846 -0.224600 0.898212 -1.000668 0.272849 0.900036 0.339833 -0.376715 -0.884751 0.373482 -0.278793 1.431272 0.000000 0.000000 0.000000 1.000000
Doll003.xyz Doll013.xyz -0.119530 -0.274649 0.954086 -1.062461 0.280994 0.912326 0.297831 -0.329770 -0.952237 0.303692 -0.031875 1.138392 0.000000 0.000000 0.000000 1.000000
Doll003.xyz Doll014.xyz 0.256947 -0.311105 0.914981 -1.001893 0.805928 0.591476 -0.025213 0.042885 -0.533346 0.743887 0.402707 0.636976 0.000000 0.000000 0.000000 1.000000
Doll004.xyz Doll005.xyz 0.735304 0.179425 -0.653554 0.738628 -0.163121 0.982824 0.086298 -0.103152 0.657813 0.043155 0.751944 0.297816 0.000000 0.000000 0.000000 1.000000
Doll004.xyz Doll006.xyz 0.229016 0.279177 -0.932531 1.041935 -0.227398 0.946827 0.227613 -0.261025 0.946490 0.159929 0.280323 0.829573 0.000000 0.000000 0.000000 1.000000
Doll004.xyz Doll007.xyz -0.214295 0.287383 -0.933536 1.019187 -0.216364 0.918029 0.332277 -0.372391 0.952504 0.273190 -0.134550 1.277840 0.000000 0.000000 0.000000 1.000000
Doll004.xyz Doll008.xyz -0.520572 0.266787 -0.811067 0.873984 -0.163467 0.901215 0.401360 -0.446453 0.838022 0.341519 -0.425537 1.587810 0.000000 0.000000 0.000000 1.000000
Doll004.xyz Doll014.xyz -0.184248 -0.309336 0.932933 -1.031027 0.807996 0.492782 0.322968 -0.358746 -0.559637 0.813311 0.159149 0.917287 0.000000 0.000000 0.000000 1.000000
Doll005.xyz Doll006.xyz 0.827948 0.156551 -0.538513 0.606916 -0.146079 0.987301 0.062426 -0.069875 0.541448 0.026980 0.840302 0.182171 0.000000 0.000000 0.000000 1.000000
Doll005.xyz Doll007.xyz 0.504109 0.236843 -0.830531 0.918614 -0.211537 0.966230 0.147142 -0.160296 0.837335 0.101513 0.537185 0.509850 0.000000 0.000000 0.000000 1.000000
Doll005.xyz Doll008.xyz 0.195165 0.277130 -0.940803 1.038602 -0.220808 0.947038 0.233160 -0.255108 0.955592 0.162232 0.246020 0.825449 0.000000 0.000000 0.000000 1.000000
Doll005.xyz Doll009.xyz -0.419815 0.286390 -0.861241 0.964456 -0.192015 0.899407 0.392679 -0.436787 0.887067 0.330224 -0.322594 1.476959 0.000000 0.000000 0.000000 1.000000
Doll005.xyz Doll010.xyz -0.664948 0.239480 -0.707457 0.796689 -0.151976 0.884004 0.442086 -0.495799 0.731265 0.401481 -0.551421 1.745538 0.000000 0.000000 0.000000 1.000000
Doll006.xyz Doll007.xyz 0.901704 0.108349 -0.418558 0.455176 -0.103115 0.994047 0.035177 -0.034663 0.419878 0.011441 0.907508 0.090497 0.000000 0.000000 0.000000 1.000000
Doll006.xyz Doll008.xyz 0.711606 0.186371 -0.677409 0.743145 -0.160117 0.981822 0.101920 -0.107892 0.684090 0.035939 0.728510 0.280062 0.000000 0.000000 0.000000 1.000000
Doll006.xyz Doll009.xyz 0.161040 0.290316 -0.943282 1.058843 -0.229638 0.940548 0.250269 -0.277286 0.959860 0.176310 0.218133 0.866987 0.000000 0.000000 0.000000 1.000000
Doll006.xyz Doll010.xyz -0.132075 0.289410 -0.948049 1.069778 -0.225505 0.922577 0.313049 -0.351499 0.965247 0.255138 -0.056586 1.187850 0.000000 0.000000 0.000000 1.000000
Doll007.xyz Doll008.xyz 0.945385 0.088054 -0.313836 0.344282 -0.080659 0.996074 0.036497 -0.039954 0.315816 -0.009190 0.948775 0.050130 0.000000 0.000000 0.000000 1.000000
Doll007.xyz Doll009.xyz 0.571484 0.238800 -0.785098 0.878044 -0.209911 0.967432 0.141462 -0.161008 0.793311 0.083957 0.602999 0.454231 0.000000 0.000000 0.000000 1.000000
Doll007.xyz Doll010.xyz 0.309078 0.267957 -0.912508 1.020960 -0.234409 0.951350 0.199965 -0.229922 0.921695 0.152096 0.356852 0.741295 0.000000 0.000000 0.000000 1.000000
Doll008.xyz Doll009.xyz 0.807692 0.163113 -0.566593 0.634891 -0.157657 0.985728 0.059032 -0.070305 0.568135 0.041646 0.821881 0.219095 0.000000 0.000000 0.000000 1.000000
Doll008.xyz Doll010.xyz 0.602170 0.208671 -0.770616 0.860613 -0.200593 0.973819 0.106949 -0.127315 0.772757 0.090179 0.628262 0.447357 0.000000 0.000000 0.000000 1.000000
Doll008.xyz Doll011.xyz 0.153466 0.262294 -0.952707 1.065444 -0.232613 0.946624 0.223149 -0.256505 0.960385 0.187366 0.206288 0.919513 0.000000 0.000000 0.000000 1.000000
Doll008.xyz Doll012.xyz -0.186890 0.248711 -0.950376 1.055376 -0.234327 0.928210 0.288991 -0.332760 0.954024 0.276708 -0.115193 1.294869 0.000000 0.000000 0.000000 1.000000
Doll008.xyz Doll013.xyz -0.441271 0.208224 -0.872883 0.957004 -0.217278 0.918973 0.329059 -0.376670 0.870672 0.334861 -0.360273 1.547563 0.000000 0.000000 0.000000 1.000000
Doll009.xyz Doll010.xyz 0.957031 0.065265 -0.282550 0.319497 -0.063772 0.997860 0.014493 -0.019847 0.282891 0.004150 0.959143 0.057900 0.000000 0.000000 0.000000 1.000000
Doll009.xyz Doll011.xyz 0.706534 0.178115 -0.684898 0.779452 -0.159907 0.982960 0.090670 -0.105740 0.689377 0.045459 0.722976 0.326629 0.000000 0.000000 0.000000 1.000000
Doll009.xyz Doll012.xyz 0.428095 0.218522 -0.876916 0.991074 -0.201601 0.968966 0.143044 -0.167983 0.880961 0.115551 0.458864 0.643144 0.000000 0.000000 0.000000 1.000000
Doll009.xyz Doll013.xyz 0.172121 0.223293 -0.959435 1.073632 -0.212039 0.959538 0.185277 -0.215181 0.961984 0.171547 0.212505 0.902310 0.000000 0.000000 0.000000 1.000000
Doll009.xyz Doll014.xyz -0.207549 0.202383 -0.957060 1.073697 -0.774217 0.564024 0.287168 -0.335774 0.597922 0.800574 0.039626 1.061592 0.000000 0.000000 0.000000 1.000000
Doll010.xyz Doll011.xyz 0.881316 0.122752 -0.456304 0.526731 -0.114501 0.992367 0.045808 -0.052114 0.458444 0.011876 0.888645 0.128941 0.000000 0.000000 0.000000 1.000000
Doll010.xyz Doll012.xyz 0.671734 0.178046 -0.719077 0.821626 -0.170114 0.981821 0.084189 -0.099021 0.720994 0.065773 0.689811 0.374154 0.000000 0.000000 0.000000 1.000000
Doll010.xyz Doll013.xyz 0.450387 0.197935 -0.870617 0.984072 -0.192653 0.973690 0.121705 -0.141351 0.871800 0.112912 0.476670 0.598415 0.000000 0.000000 0.000000 1.000000
Doll010.xyz Doll014.xyz 0.084995 0.201316 -0.975832 1.107038 -0.785276 0.616350 0.058756 -0.076050 0.613282 0.761304 0.210475 0.868573 0.000000 0.000000 0.000000 1.000000
Doll011.xyz Doll012.xyz 0.941983 0.066833 -0.328937 0.371351 -0.067821 0.997661 0.008486 -0.012400 0.328735 0.014314 0.944313 0.079984 0.000000 0.000000 0.000000 1.000000
Doll011.xyz Doll013.xyz 0.818496 0.104972 -0.564840 0.631247 -0.105801 0.993891 0.031395 -0.037875 0.564685 0.034063 0.824602 0.196427 0.000000 0.000000 0.000000 1.000000
Doll011.xyz Doll014.xyz 0.544895 0.145346 -0.825810 0.934080 -0.643230 0.704252 -0.300472 0.338203 0.537906 0.694912 0.477234 0.559921 0.000000 0.000000 0.000000 1.000000
Doll012.xyz Doll013.xyz 0.963824 0.044423 -0.262816 0.294902 -0.043564 0.999010 0.009094 -0.010037 0.262959 0.002685 0.964803 0.021641 0.000000 0.000000 0.000000 1.000000
Doll012.xyz Doll014.xyz 0.794637 0.101043 -0.598618 0.688124 -0.460009 0.743680 -0.485111 0.557051 0.396163 0.660857 0.637435 0.370015 0.000000 0.000000 0.000000 1.000000
Doll013.xyz Doll014.xyz 0.927703 0.060881 -0.368320 0.423125 -0.282836 0.758571 -0.587004 0.660777 0.243660 0.648740 0.720948 0.289068 0.000000 0.000000 0.000000 1.000000
duck000.xyz duck001.xyz 0.893851 0.138114 -0.426564 0.374689 -0.132240 0.990262 0.043528 -0.035594 0.428421 0.017501 0.903410 0.077426 0.000000 0.000000 0.000000 1.000000
duck000.xyz duck002.xyz 0.602734 0.253016 -0.756767 0.734535 -0.230224 0.963206 0.138674 -0.129196 0.764009 0.090642 0.638807 0.334017 0.000000 0.000000 0.000000 1.000000
duck000.xyz duck003.xyz 0.269526 0.314880 -0.910059 0.933745 -0.269842 0.931866 0.242508 -0.233174 0.924414 0.180209 0.336130 0.635311 0.000000 0.000000 0.000000 1.000000
duck000.xyz duck004.xyz -0.201258 0.328211 -0.922915 0.960897 -0.277184 0.884602 0.375031 -0.368005 0.939502 0.331294 -0.087058 1.067737 0.000000 0.000000 0.000000 1.000000
duck000.xyz duck005.xyz -0.528344 0.288991 -0.798334 0.852171 -0.223715 0.859675 0.459252 -0.462217 0.819027 0.421242 -0.389553 1.400688 0.000000 0.000000 0.000000 1.000000
duck000.xyz duck010.xyz 0.085046 -0.289455 0.953407 -0.964572 0.275190 0.926476 0.256732 -0.284940 -0.957622 0.240533 0.158448 0.941939 0.000000 0.000000 0.000000 1.000000
duck000.xyz duck011.xyz 0.471775 -0.268048 0.839988 -0.853231 0.278987 0.949104 0.146177 -0.160376 -0.836419 0.165384 0.522545 0.524247 0.000000 0.000000 0.000000 1.000000
duck000.xyz duck012.xyz 0.788487 -0.175808 0.589389 -0.570225 0.180176 0.982261 0.051956 -0.071353 -0.588069 0.065228 0.806178 0.256630 0.000000 0.000000 0.000000 1.000000
duck000.xyz duck013.xyz 0.160705 -0.336227 0.927969 -0.882487 0.751987 0.650677 0.105527 -0.212912 -0.639289 0.680861 0.357405 0.776833 0.000000 0.000000 0.000000 1.000000
duck000.xyz duck014.xyz -0.001528 0.303428 -0.952853 0.975688 0.589000 0.770306 0.244354 -0.301219 0.808133 -0.560857 -0.179896 1.051420 0.000000 0.000000 0.000000 1.000000
duck000.xyz duck015.xyz 0.172971 -0.286015 0.942485 -1.052732 -0.597408 0.730318 0.331270 -0.329831 -0.783062 -0.620348 -0.044544 0.983093 0.000000 0.000000 0.000000 1.000000
duck001.xyz duck002.xyz 0.896507 0.137907 -0.421018 0.436130 -0.131906 0.990306 0.043503 -0.047892 0.422936 0.016533 0.906008 0.105987 0.000000 0.000000 0.000000 1.000000
duck001.xyz duck003.xyz 0.672602 0.236559 -0.701174 0.744437 -0.215939 0.969030 0.119787 -0.127048 0.707796 0.070842 0.702855 0.318209 0.000000 0.000000 0.000000 1.000000
duck001.xyz duck004.xyz 0.259118 0.311456 -0.914249 0.945681 -0.285558 0.928966 0.235536 -0.246181 0.922665 0.200040 0.329652 0.703620 0.000000 0.000000 0.000000 1.000000
duck001.xyz duck005.xyz -0.091806 0.321295 -0.942519 0.970982 -0.277133 0.900876 0.334094 -0.352180 0.956435 0.291876 0.006335 1.052220 0.000000 0.000000 0.000000 1.000000
duck001.xyz duck006.xyz -0.447617 0.293835 -0.844571 0.876015 -0.244952 0.868056 0.431830 -0.433941 0.860021 0.400174 -0.316581 1.327020 0.000000 0.000000 0.000000 1.000000
duck001.xyz duck011.xyz 0.026367 -0.291262 0.956280 -0.947519 0.318105 0.909331 0.268192 -0.267965 -0.947689 0.297125 0.116627 0.880882 0.000000 0.000000 0.000000 1.000000
duck001.xyz duck012.xyz 0.429095 -0.252710 0.867187 -0.807140 0.274552 0.951130 0.141320 -0.151313 -0.860521 0.177449 0.477509 0.548402 0.000000 0.000000 0.000000 1.000000
duck001.xyz duck014.xyz 0.446994 0.259200 -0.856161 0.883719 0.528635 0.695551 0.486573 -0.512210 0.721623 -0.670092 0.173886 0.743721 0.000000 0.000000 0.000000 1.000000
duck001.xyz duck015.xyz -0.286922 -0.265079 0.920548 -1.025935 -0.574433 0.816625 0.056111 -0.089875 -0.766618 -0.512694 -0.386579 1.282020 0.000000 0.000000 0.000000 1.000000
duck002.xyz duck003.xyz 0.930823 0.115043 -0.346891 0.380753 -0.110387 0.993334 0.033221 -0.034853 0.348400 0.007370 0.937317 0.067271 0.000000 0.000000 0.000000 1.000000
duck002.xyz duck004.xyz 0.660169 0.234485 -0.713578 0.744622 -0.227060 0.967876 0.107984 -0.112245 0.715974 0.090737 0.692204 0.322344 0.000000 0.000000 0.000000 1.000000
duck002.xyz duck005.xyz 0.358821 0.289287 -0.887446 0.922401 -0.264875 0.943235 0.200376 -0.212725 0.895036 0.163164 0.415077 0.625690 0.000000 0.000000 0.000000 1.000000
duck002.xyz duck006.xyz -0.005191 0.313289 -0.949645 0.993932 -0.281699 0.910740 0.301994 -0.299474 0.959489 0.269082 0.083526 0.912593 0.000000 0.000000 0.000000 1.000000
duck002.xyz duck012.xyz -0.015265 -0.269134 0.962981 -0.915435 0.317808 0.911845 0.259881 -0.273792 -0.948032 0.310011 0.071615 0.969124 0.000000 0.000000 0.000000 1.000000
duck002.xyz duck014.xyz 0.796938 0.160480 -0.582354 0.605558 0.364991 0.640248 0.675918 -0.712369 0.481321 -0.751219 0.451664 0.449955 0.000000 0.000000 0.000000 1.000000
duck003.xyz duck004.xyz 0.889010 0.136341 -0.437117 0.440286 -0.137465 0.990075 0.029240 -0.027365 0.436765 0.034093 0.898928 0.096761 0.000000 0.000000 0.000000 1.000000
duck003.xyz duck005.xyz 0.675126 0.218267 -0.704673 0.720357 -0.207549 0.972842 0.102485 -0.106688 0.707905 0.077064 0.702091 0.311609 0.000000 0.000000 0.000000 1.000000
duck003.xyz duck006.xyz 0.360632 0.280225 -0.889617 0.926233 -0.262197 0.945797 0.191632 -0.179570 0.895096 0.164146 0.414559 0.549616 0.000000 0.000000 0.000000 1.000000
duck003.xyz duck007.xyz -0.345915 0.239728 -0.907123 0.950525 -0.261399 0.903907 0.338557 -0.322664 0.901118 0.354232 -0.250010 1.209372 0.000000 0.000000 0.000000 1.000000
duck003.xyz duck014.xyz 0.962283 0.052091 -0.267014 0.258944 0.178928 0.618143 0.765431 -0.810444 0.204925 -0.784338 0.585509 0.305205 0.000000 0.000000 0.000000 1.000000
duck004.xyz duck005.xyz 0.937978 0.102691 -0.331138 0.342229 -0.096672 0.994714 0.034644 -0.040257 0.332946 -0.000483 0.942947 0.073764 0.000000 0.000000 0.000000 1.000000
duck004.xyz duck006.xyz 0.747680 0.201857 -0.632638 0.663778 -0.187910 0.978055 0.089990 -0.078778 0.636919 0.051596 0.769203 0.196172 0.000000 0.000000 0.000000 1.000000
duck004.xyz duck007.xyz 0.121683 0.258375 -0.958350 0.996750 -0.257135 0.940768 0.220986 -0.205090 0.958685 0.219535 0.180913 0.775779 0.000000 0.000000 0.000000 1.000000
duck004.xyz duck014.xyz 0.979299 -0.088512 0.182042 -0.192265 -0.091235 0.609793 0.787293 -0.829766 -0.180694 -0.787603 0.589095 0.306208 0.000000 0.000000 0.000000 1.000000
duck005.xyz duck006.xyz 0.931526 0.106594 -0.347705 0.374922 -0.105618 0.994168 0.021819 -0.004221 0.348001 0.016399 0.937350 0.008594 0.000000 0.000000 0.000000 1.000000
duck005.xyz duck007.xyz 0.458015 0.212045 -0.863283 0.912220 -0.217756 0.968308 0.122311 -0.100609 0.861861 0.131964 0.489673 0.450017 0.000000 0.000000 0.000000 1.000000
duck005.xyz duck008.xyz 0.038926 0.263673 -0.963826 1.038037 -0.251419 0.936111 0.245936 -0.248896 0.967096 0.232751 0.102730 0.909380 0.000000 0.000000 0.000000 1.000000
duck005.xyz duck013.xyz -0.922903 0.101174 -0.371503 0.471107 -0.293515 0.439603 0.848880 -0.948613 0.249198 0.892476 -0.376015 1.503670 0.000000 0.000000 0.000000 1.000000
duck005.xyz duck014.xyz 0.849190 -0.176408 0.497750 -0.526699 -0.283660 0.642664 0.711702 -0.759316 -0.445438 -0.745562 0.495704 0.392071 0.000000 0.000000 0.000000 1.000000
duck006.xyz duck007.xyz 0.749421 0.143598 -0.646332 0.637406 -0.142157 0.988328 0.054748 -0.043610 0.646651 0.050851 0.761090 0.201248 0.000000 0.000000 0.000000 1.000000
duck006.xyz duck008.xyz 0.399492 0.236994 -0.885573 0.896870 -0.219932 0.962571 0.158385 -0.163737 0.889964 0.131493 0.436663 0.572515 0.000000 0.000000 0.000000 1.000000
duck006.xyz duck009.xyz -0.104710 0.296276 -0.949345 0.965554 -0.238913 0.919144 0.313201 -0.322458 0.965379 0.259606 -0.025459 1.045912 0.000000 0.000000 0.000000 1.000000
duck006.xyz duck013.xyz -0.719750 0.189953 -0.667742 0.747498 -0.521716 0.486561 0.700764 -0.756979 0.458008 0.852746 -0.251101 1.337710 0.000000 0.000000 0.000000 1.000000
duck006.xyz duck014.xyz 0.599168 -0.254208 0.759194 -0.758938 -0.443193 0.684403 0.578940 -0.595240 -0.666767 -0.683352 0.297409 0.636616 0.000000 0.000000 0.000000 1.000000
duck007.xyz duck008.xyz 0.905795 0.128953 -0.403617 0.406362 -0.128969 0.991275 0.027275 -0.043791 0.403613 0.027349 0.914522 0.132398 0.000000 0.000000 0.000000 1.000000
duck007.xyz duck009.xyz 0.577665 0.255728 -0.775181 0.764502 -0.249492 0.959528 0.130621 -0.147872 0.777212 0.117946 0.618088 0.431268 0.000000 0.000000 0.000000 1.000000
duck007.xyz duck010.xyz -0.005706 0.306524 -0.951846 0.930025 -0.302154 0.906842 0.293842 -0.307989 0.953243 0.289279 0.087443 0.950877 0.000000 0.000000 0.000000 1.000000
duck007.xyz duck011.xyz -0.399838 0.258809 -0.879288 0.881404 -0.314568 0.862299 0.396851 -0.394913 0.860918 0.435270 -0.263366 1.249600 0.000000 0.000000 0.000000 1.000000
duck007.xyz duck012.xyz -0.737002 0.191033 -0.648332 0.706833 -0.224138 0.835870 0.501084 -0.508927 0.637644 0.514616 -0.573219 1.586199 0.000000 0.000000 0.000000 1.000000
duck007.xyz duck013.xyz -0.080537 0.253496 -0.963978 1.003886 -0.774044 0.593415 0.220719 -0.282139 0.627989 0.763938 0.148425 0.940871 0.000000 0.000000 0.000000 1.000000
duck007.xyz duck015.xyz -0.094233 0.302991 -0.948323 0.833089 0.582055 0.789563 0.194428 -0.234831 0.807672 -0.533656 -0.250760 1.140442 0.000000 0.000000 0.000000 1.000000
duck008.xyz duck009.xyz 0.869100 0.157852 -0.468773 0.480310 -0.154975 0.986893 0.045000 -0.047637 0.469733 0.033538 0.882171 0.125058 0.000000 0.000000 0.000000 1.000000
duck008.xyz duck010.xyz 0.418541 0.278624 -0.864403 0.886592 -0.275349 0.945910 0.171573 -0.177391 0.865452 0.166201 0.472620 0.543894 0.000000 0.000000 0.000000 1.000000
duck008.xyz duck011.xyz 0.026100 0.284135 -0.958429 1.010135 -0.333913 0.906167 0.259548 -0.253905 0.942243 0.313257 0.118527 0.864734 0.000000 0.000000 0.000000 1.000000
duck008.xyz duck012.xyz -0.381260 0.266733 -0.885151 0.990635 -0.297481 0.871148 0.390647 -0.401614 0.875298 0.412254 -0.252786 1.282033 0.000000 0.000000 0.000000 1.000000
duck008.xyz duck013.xyz 0.348817 0.235378 -0.907151 0.992552 -0.713688 0.694084 -0.094332 0.050761 0.607434 0.680327 0.410094 0.669530 0.000000 0.000000 0.000000 1.000000
duck008.xyz duck015.xyz 0.336476 0.286634 -0.897008 0.827671 0.550564 0.712908 0.434326 -0.484844 0.763979 -0.640003 0.082066 0.791098 0.000000 0.000000 0.000000 1.000000
duck009.xyz duck010.xyz 0.812944 0.171210 -0.556605 0.573890 -0.170420 0.983904 0.053742 -0.055387 0.556848 0.051167 0.829037 0.175195 0.000000 0.000000 0.000000 1.000000
duck009.xyz duck011.xyz 0.516821 0.233236 -0.823709 0.876022 -0.268832 0.957717 0.102508 -0.091979 0.812789 0.168461 0.557669 0.412627 0.000000 0.000000 0.000000 1.000000
duck009.xyz duck012.xyz 0.125687 0.282491 -0.950999 1.062653 -0.304153 0.923411 0.234098 -0.240814 0.944296 0.259826 0.201981 0.815597 0.000000 0.000000 0.000000 1.000000
duck009.xyz duck013.xyz 0.765561 0.137413 -0.628518 0.709992 -0.466483 0.791345 -0.395180 0.361935 0.443071 0.595728 0.669922 0.401318 0.000000 0.000000 0.000000 1.000000
duck009.xyz duck015.xyz 0.758171 0.190366 -0.623648 0.550575 0.387429 0.637785 0.665678 -0.723796 0.524478 -0.746319 0.409797 0.452385 0.000000 0.000000 0.000000 1.000000
duck010.xyz duck011.xyz 0.918559 0.097139 -0.383161 0.421379 -0.111631 0.993626 -0.015711 0.029872 0.379192 0.057205 0.923548 0.036380 0.000000 0.000000 0.000000 1.000000
duck010.xyz duck012.xyz 0.679873 0.205416 -0.703971 0.807190 -0.219462 0.972964 0.071959 -0.073584 0.699720 0.105573 0.706573 0.296093 0.000000 0.000000 0.000000 1.000000
duck010.xyz duck013.xyz 0.995720 -0.029043 -0.087733 0.152320 -0.023778 0.836868 -0.546888 0.517744 0.089305 0.546635 0.832596 0.234478 0.000000 0.000000 0.000000 1.000000
duck010.xyz duck015.xyz 0.996068 0.024579 -0.085101 -0.004788 0.053633 0.597270 0.800245 -0.861693 0.070498 -0.801665 0.593603 0.263529 0.000000 0.000000 0.000000 1.000000
duck011.xyz duck012.xyz 0.914192 0.139273 -0.380597 0.431655 -0.134648 0.990129 0.038897 -0.047838 0.382259 0.015689 0.923923 0.100937 0.000000 0.000000 0.000000 1.000000
duck011.xyz duck013.xyz 0.945423 -0.138632 0.294883 -0.252648 0.268997 0.842780 -0.466221 0.396181 -0.183888 0.520099 0.834076 0.266084 0.000000 0.000000 0.000000 1.000000
duck011.xyz duck015.xyz 0.949944 -0.085432 0.300513 -0.413455 -0.199339 0.574902 0.793568 -0.823739 -0.240562 -0.813750 0.529095 0.369956 0.000000 0.000000 0.000000 1.000000
duck012.xyz duck013.xyz 0.732760 -0.253094 0.631670 -0.644814 0.540735 0.780108 -0.314704 0.231854 -0.413121 0.572168 0.708487 0.400269 0.000000 0.000000 0.000000 1.000000
duck012.xyz duck014.xyz -0.616151 0.248264 -0.747477 0.833882 0.473013 0.875461 -0.099135 0.056413 0.629777 -0.414648 -0.656848 1.549514 0.000000 0.000000 0.000000 1.000000
duck012.xyz duck015.xyz 0.742159 -0.200808 0.639434 -0.807961 -0.404197 0.626935 0.666015 -0.686500 -0.534626 -0.752748 0.384120 0.525948 0.000000 0.000000 0.000000 1.000000
duck013.xyz duck015.xyz 0.998559 0.043427 0.031534 -0.186767 -0.034151 0.060915 0.997558 -1.121935 0.041399 -0.997198 0.062311 0.758906 0.000000 0.000000 0.000000 1.000000
duck014.xyz duck015.xyz -0.985099 0.111859 0.130647 -0.195255 -0.093140 0.291642 -0.951982 0.849825 -0.144591 -0.949965 -0.276877 1.129136 0.000000 0.000000 0.000000 1.000000
Frog000.xyz Frog001.xyz 0.847285 -0.160750 0.506228 -0.502377 0.165044 0.985602 0.036734 -0.045114 -0.504845 0.052425 0.861616 0.163422 0.000000 0.000000 0.000000 1.000000
Frog000.xyz Frog002.xyz 0.643340 -0.225025 0.731762 -0.727160 0.238250 0.967212 0.087966 -0.094847 -0.727564 0.117751 0.675859 0.344885 0.000000 0.000000 0.000000 1.000000
Frog000.xyz Frog003.xyz 0.106488 -0.277028 0.954942 -0.949007 0.319695 0.918947 0.230935 -0.236190 -0.941517 0.280699 0.186422 0.829658 0.000000 0.000000 0.000000 1.000000
Frog000.xyz Frog004.xyz -0.424798 -0.237380 0.873611 -0.862893 0.305860 0.870631 0.385295 -0.390926 -0.852054 0.430875 -0.297236 1.315703 0.000000 0.000000 0.000000 1.000000
Frog000.xyz Frog010.xyz -0.158909 0.307810 -0.938083 1.029043 -0.250811 0.906400 0.339901 -0.338345 0.954904 0.289296 -0.066833 1.053248 0.000000 0.000000 0.000000 1.000000
Frog000.xyz Frog011.xyz 0.419577 0.265125 -0.868138 0.956892 -0.235860 0.955388 0.177778 -0.172182 0.876542 0.130168 0.463389 0.509378 0.000000 0.000000 0.000000 1.000000
Frog000.xyz Frog012.xyz 0.778094 0.165723 -0.605892 0.690804 -0.152933 0.985524 0.073161 -0.062130 0.609246 0.035735 0.792173 0.168045 0.000000 0.000000 0.000000 1.000000
Frog000.xyz Frog013.xyz 0.936522 0.079653 -0.341443 0.419720 -0.076049 0.996817 0.023950 -0.014813 0.342262 0.003536 0.939596 0.022864 0.000000 0.000000 0.000000 1.000000
Frog000.xyz Frog014.xyz 0.990629 -0.136491 -0.004815 0.035767 0.057711 0.386396 0.920525 -1.020552 -0.123782 -0.912179 0.390652 0.475000 0.000000 0.000000 0.000000 1.000000
Frog000.xyz Frog015.xyz 0.373923 -0.470250 0.799404 -0.792672 -0.721620 0.393942 0.569275 -0.634164 -0.582619 -0.789732 -0.192036 1.065448 0.000000 0.000000 0.000000 1.000000
Frog000.xyz Frog017.xyz -0.995011 0.095280 -0.029567 0.082960 -0.011715 0.182741 0.983091 -1.087697 0.099072 0.978534 -0.180713 1.169865 0.000000 0.000000 0.000000 1.000000
Frog000.xyz Frog018.xyz 0.998962 -0.003299 0.045426 -0.005739 0.031097 0.778125 -0.627339 0.597192 -0.033279 0.628101 0.777419 0.159153 0.000000 0.000000 0.000000 1.000000
Frog001.xyz Frog002.xyz 0.951704 -0.088724 0.293915 -0.301080 0.090918 0.995839 0.006220 -0.005263 -0.293244 0.020803 0.955812 0.042304 0.000000 0.000000 0.000000 1.000000
Frog001.xyz Frog003.xyz 0.618177 -0.220384 0.754512 -0.771695 0.240059 0.966963 0.085758 -0.085981 -0.748484 0.128114 0.650660 0.353085 0.000000 0.000000 0.000000 1.000000
Frog001.xyz Frog004.xyz 0.120481 -0.271981 0.954731 -0.970660 0.314245 0.922729 0.223208 -0.227906 -0.941666 0.273126 0.196640 0.822818 0.000000 0.000000 0.000000 1.000000
Frog001.xyz Frog011.xyz -0.126594 0.298666 -0.945925 1.061353 -0.263423 0.909235 0.322336 -0.316177 0.956338 0.289984 -0.036429 1.008857 0.000000 0.000000 0.000000 1.000000
Frog001.xyz Frog012.xyz 0.325908 0.269499 -0.906176 1.014779 -0.250965 0.948781 0.191911 -0.176768 0.911482 0.164873 0.376849 0.571805 0.000000 0.000000 0.000000 1.000000
Frog001.xyz Frog013.xyz 0.607849 0.220531 -0.762815 0.859699 -0.212549 0.970793 0.111288 -0.095984 0.765076 0.094490 0.636969 0.307389 0.000000 0.000000 0.000000 1.000000
Frog001.xyz Frog014.xyz 0.858850 0.028796 -0.511418 0.552109 0.452781 0.424172 0.784262 -0.902114 0.239513 -0.905123 0.351262 0.497089 0.000000 0.000000 0.000000 1.000000
Frog001.xyz Frog015.xyz 0.797093 -0.372399 0.475354 -0.486714 -0.386561 0.290083 0.875456 -0.958345 -0.463910 -0.881573 0.087268 0.778358 0.000000 0.000000 0.000000 1.000000
Frog001.xyz Frog017.xyz -0.873343 -0.071399 0.481846 -0.437753 0.458368 0.214290 0.862543 -0.988714 -0.164839 0.974158 -0.154422 1.156238 0.000000 0.000000 0.000000 1.000000
Frog001.xyz Frog018.xyz 0.869932 0.163290 -0.465354 0.514710 -0.416313 0.749008 -0.515432 0.506070 0.264388 0.642123 0.719567 0.203351 0.000000 0.000000 0.000000 1.000000
Frog002.xyz Frog003.xyz 0.829638 -0.158571 0.535310 -0.545388 0.167878 0.985299 0.031688 -0.031592 -0.532465 0.063577 0.844061 0.157397 0.000000 0.000000 0.000000 1.000000
Frog002.xyz Frog004.xyz 0.419403 -0.253957 0.871554 -0.882592 0.282804 0.948849 0.140389 -0.143705 -0.862626 0.187598 0.469770 0.544213 0.000000 0.000000 0.000000 1.000000
Frog002.xyz Frog005.xyz 0.005798 -0.274425 0.961591 -0.965990 0.313479 0.913635 0.258848 -0.270038 -0.949578 0.299937 0.091325 0.943851 0.000000 0.000000 0.000000 1.000000
Frog002.xyz Frog006.xyz -0.378997 -0.244637 0.892476 -0.863024 0.294374 0.882457 0.366898 -0.378509 -0.877329 0.401774 -0.262433 1.297977 0.000000 0.000000 0.000000 1.000000
Frog002.xyz Frog011.xyz -0.425001 0.280030 -0.860789 0.971282 -0.236633 0.883507 0.404254 -0.399875 0.873717 0.375500 -0.309228 1.286973 0.000000 0.000000 0.000000 1.000000
Frog002.xyz Frog012.xyz 0.019918 0.292373 -0.956097 1.062762 -0.266619 0.923210 0.276762 -0.263891 0.963596 0.249402 0.096340 0.859162 0.000000 0.000000 0.000000 1.000000
Frog002.xyz Frog013.xyz 0.334724 0.270133 -0.902768 1.000090 -0.255708 0.948121 0.188894 -0.175974 0.906959 0.167618 0.386433 0.564991 0.000000 0.000000 0.000000 1.000000
Frog002.xyz Frog014.xyz 0.664504 0.103580 -0.740072 0.784032 0.623787 0.468451 0.625655 -0.738307 0.411494 -0.877397 0.246676 0.605929 0.000000 0.000000 0.000000 1.000000
Frog002.xyz Frog015.xyz 0.931353 -0.295423 0.212859 -0.216862 -0.136320 0.259176 0.956162 -1.038474 -0.337639 -0.919541 0.201112 0.663354 0.000000 0.000000 0.000000 1.000000
Frog002.xyz Frog017.xyz -0.683208 -0.147508 0.715171 -0.674484 0.670733 0.260437 0.694472 -0.814779 -0.288697 0.954157 -0.078995 1.077680 0.000000 0.000000 0.000000 1.000000
Frog002.xyz Frog018.xyz 0.676657 0.238809 -0.696496 0.749160 -0.614156 0.704836 -0.354993 0.339886 0.406140 0.667965 0.623598 0.302766 0.000000 0.000000 0.000000 1.000000
Frog003.xyz Frog004.xyz 0.854774 -0.152198 0.496182 -0.499315 0.159317 0.986824 0.028239 -0.030084 -0.493942 0.054911 0.867759 0.139975 0.000000 0.000000 0.000000 1.000000
Frog003.xyz Frog005.xyz 0.563075 -0.238947 0.791107 -0.790963 0.253761 0.961031 0.109654 -0.118538 -0.786480 0.139009 0.601769 0.424589 0.000000 0.000000 0.000000 1.000000
Frog003.xyz Frog006.xyz 0.202114 -0.276385 0.939553 -0.909408 0.300695 0.930528 0.209045 -0.218020 -0.932058 0.240268 0.271181 0.754552 0.000000 0.000000 0.000000 1.000000
Frog003.xyz Frog007.xyz -0.332506 -0.250263 0.909291 -0.860800 0.298803 0.886523 0.353262 -0.365891 -0.894514 0.389162 -0.219995 1.257263 0.000000 0.000000 0.000000 1.000000
Frog003.xyz Frog012.xyz -0.541645 0.261122 -0.799022 0.901369 -0.219438 0.873648 0.434264 -0.424322 0.811459 0.410553 -0.415908 1.380155 0.000000 0.000000 0.000000 1.000000
Frog003.xyz Frog013.xyz -0.248396 0.293748 -0.923046 1.019183 -0.261373 0.897240 0.355872 -0.346191 0.932729 0.329656 -0.146093 1.107099 0.000000 0.000000 0.000000 1.000000
Frog003.xyz Frog014.xyz 0.138705 0.190161 -0.971905 1.018662 0.778152 0.586109 0.225730 -0.330925 0.612568 -0.787601 -0.066679 0.925629 0.000000 0.000000 0.000000 1.000000
Frog003.xyz Frog015.xyz 0.933476 -0.127982 -0.335028 0.340934 0.357648 0.262779 0.896122 -0.976162 -0.026648 -0.956331 0.291070 0.572795 0.000000 0.000000 0.000000 1.000000
Frog003.xyz Frog016.xyz -0.265233 -0.332894 0.904895 -0.878803 -0.482613 0.858316 0.174300 -0.178766 -0.834708 -0.390482 -0.388311 1.235149 0.000000 0.000000 0.000000 1.000000
Frog003.xyz Frog017.xyz -0.160587 -0.237372 0.958054 -0.920361 0.886924 0.391215 0.245594 -0.357358 -0.433102 0.889161 0.147706 0.846313 0.000000 0.000000 0.000000 1.000000
Frog003.xyz Frog018.xyz 0.150671 0.326823 -0.932998 0.988510 -0.811324 0.580122 0.072191 -0.095635 0.564846 0.746087 0.352567 0.578903 0.000000 0.000000 0.000000 1.000000
Frog003.xyz Frog019.xyz 0.159862 0.329494 -0.930526 0.981024 -0.950800 -0.202019 -0.234879 0.191668 -0.265375 0.922292 0.280987 0.654003 0.000000 0.000000 0.000000 1.000000
Frog004.xyz Frog005.xyz 0.910203 -0.123750 0.395243 -0.395531 0.125051 0.991893 0.022582 -0.029418 -0.394832 0.028872 0.918299 0.099773 0.000000 0.000000 0.000000 1.000000
Frog004.xyz Frog006.xyz 0.681016 -0.214010 0.700297 -0.673829 0.219127 0.972076 0.083972 -0.091115 -0.698712 0.096268 0.708896 0.309343 0.000000 0.000000 0.000000 1.000000
Frog004.xyz Frog007.xyz 0.205046 -0.274260 0.939542 -0.898180 0.295766 0.932422 0.207636 -0.219223 -0.932995 0.235310 0.272306 0.760368 0.000000 0.000000 0.000000 1.000000
Frog004.xyz Frog008.xyz -0.140743 -0.270452 0.952391 -0.892454 0.305687 0.903091 0.301628 -0.310648 -0.941673 0.333585 -0.044430 1.069820 0.000000 0.000000 0.000000 1.000000
Frog004.xyz Frog009.xyz -0.491365 -0.227002 0.840852 -0.765886 0.279409 0.873322 0.399047 -0.406911 -0.824919 0.431018 -0.365694 1.385939 0.000000 0.000000 0.000000 1.000000
Frog004.xyz Frog014.xyz -0.392623 0.182306 -0.901450 0.954284 0.687944 0.708733 -0.156299 0.055776 0.610394 -0.681513 -0.403683 1.266410 0.000000 0.000000 0.000000 1.000000
Frog004.xyz Frog015.xyz 0.651155 0.012962 -0.758835 0.772673 0.710355 0.341603 0.615390 -0.697333 0.267196 -0.939755 0.213227 0.648091 0.000000 0.000000 0.000000 1.000000
Frog004.xyz Frog016.xyz 0.272944 -0.345209 0.897961 -0.878595 -0.456673 0.775040 0.436765 -0.444609 -0.846730 -0.529286 0.053895 0.788896 0.000000 0.000000 0.000000 1.000000
Frog004.xyz Frog017.xyz 0.374231 -0.232772 0.897646 -0.866152 0.820438 0.534298 -0.203491 0.096857 -0.432243 0.812615 0.390927 0.600215 0.000000 0.000000 0.000000 1.000000
Frog004.xyz Frog018.xyz -0.383889 0.320173 -0.866094 0.927692 -0.745972 0.445259 0.495248 -0.524037 0.544202 0.836202 0.067911 0.866282 0.000000 0.000000 0.000000 1.000000
Frog004.xyz Frog019.xyz -0.375212 0.324342 -0.868342 0.924979 -0.898516 -0.357469 0.254728 -0.303384 -0.227785 0.875795 0.425554 0.507048 0.000000 0.000000 0.000000 1.000000
Frog005.xyz Frog006.xyz 0.923134 -0.111300 0.368015 -0.348693 0.112345 0.993494 0.018658 -0.019314 -0.367698 0.024121 0.929633 0.071863 0.000000 0.000000 0.000000 1.000000
Frog005.xyz Frog007.xyz 0.591920 -0.225180 0.773903 -0.747897 0.235886 0.966538 0.100814 -0.107548 -0.770708 0.122880 0.625229 0.396762 0.000000 0.000000 0.000000 1.000000
Frog005.xyz Frog008.xyz 0.281789 -0.264353 0.922341 -0.880799 0.285696 0.940808 0.182363 -0.188165 -0.915956 0.212121 0.340635 0.679785 0.000000 0.000000 0.000000 1.000000
Frog005.xyz Frog009.xyz -0.086810 -0.267620 0.959607 -0.903838 0.303965 0.910194 0.281339 -0.287977 -0.948720 0.316110 0.002333 1.019757 0.000000 0.000000 0.000000 1.000000
Frog005.xyz Frog010.xyz -0.517273 -0.231731 0.823851 -0.751568 0.265939 0.871465 0.412099 -0.418518 -0.813453 0.432261 -0.389159 1.406311 0.000000 0.000000 0.000000 1.000000
Frog005.xyz Frog015.xyz 0.291156 0.077149 -0.953561 0.985244 0.847522 0.441560 0.294504 -0.378505 0.443774 -0.893909 0.063176 0.791017 0.000000 0.000000 0.000000 1.000000
Frog005.xyz Frog016.xyz 0.646066 -0.288001 0.706862 -0.702054 -0.338949 0.721513 0.603768 -0.617688 -0.683896 -0.629662 0.368527 0.463101 0.000000 0.000000 0.000000 1.000000
Frog005.xyz Frog017.xyz 0.724220 -0.163818 0.669829 -0.651351 0.600218 0.627968 -0.495376 0.402161 -0.339480 0.760803 0.553113 0.433136 0.000000 0.000000 0.000000 1.000000
Frog005.xyz Frog019.xyz -0.724862 0.255184 -0.639887 0.709624 -0.672916 -0.461179 0.578360 -0.640815 -0.147514 0.849821 0.506009 0.423215 0.000000 0.000000 0.000000 1.000000
Frog006.xyz Frog007.xyz 0.856293 -0.142776 0.496366 -0.487742 0.147280 0.988632 0.030299 -0.039275 -0.495050 0.047161 0.867585 0.162706 0.000000 0.000000 0.000000 1.000000
Frog006.xyz Frog008.xyz 0.628987 -0.213767 0.747449 -0.719319 0.226136 0.970187 0.087174 -0.096839 -0.743801 0.114194 0.658576 0.375305 0.000000 0.000000 0.000000 1.000000
Frog006.xyz Frog009.xyz 0.302799 -0.257727 0.917546 -0.869170 0.282833 0.943671 0.171729 -0.183470 -0.910121 0.207513 0.358636 0.680640 0.000000 0.000000 0.000000 1.000000
Frog006.xyz Frog010.xyz -0.148531 -0.272965 0.950489 -0.876937 0.300162 0.903361 0.306336 -0.318421 -0.942254 0.330801 -0.052243 1.087897 0.000000 0.000000 0.000000 1.000000
Frog006.xyz Frog015.xyz -0.090735 0.091565 -0.991657 1.026638 0.841613 0.539397 -0.027201 -0.072668 0.532405 -0.837059 -0.126006 0.969551 0.000000 0.000000 0.000000 1.000000
Frog006.xyz Frog016.xyz 0.888597 -0.200357 0.412618 -0.425729 -0.171004 0.690005 0.703316 -0.714532 -0.425623 -0.695522 0.578874 0.259656 0.000000 0.000000 0.000000 1.000000
Frog006.xyz Frog017.xyz 0.933293 -0.068892 0.352449 -0.352577 0.301883 0.682071 -0.666068 0.568465 -0.194509 0.728035 0.657369 0.332132 0.000000 0.000000 0.000000 1.000000
Frog006.xyz Frog019.xyz -0.933036 0.160151 -0.322174 0.410527 -0.357017 -0.522986 0.773967 -0.831026 -0.044541 0.837161 0.545141 0.384677 0.000000 0.000000 0.000000 1.000000
Frog007.xyz Frog008.xyz 0.940125 -0.096054 0.327014 -0.317760 0.098389 0.995102 0.009436 -0.011303 -0.326318 0.023302 0.944973 0.063309 0.000000 0.000000 0.000000 1.000000
Frog007.xyz Frog009.xyz 0.751520 -0.182401 0.633994 -0.612941 0.192693 0.979800 0.053476 -0.059705 -0.630941 0.081978 0.771487 0.250598 0.000000 0.000000 0.000000 1.000000
Frog007.xyz Frog010.xyz 0.383578 -0.262940 0.885286 -0.844218 0.280102 0.946579 0.159780 -0.170623 -0.880006 0.186682 0.436736 0.594954 0.000000 0.000000 0.000000 1.000000
Frog007.xyz Frog011.xyz -0.197842 -0.269575 0.942438 -0.868837 0.304693 0.896903 0.320513 -0.333580 -0.931677 0.350564 -0.095308 1.132225 0.000000 0.000000 0.000000 1.000000
Frog007.xyz Frog016.xyz 0.994314 -0.054706 -0.091366 0.071956 0.104157 0.678283 0.727382 -0.755440 0.022181 -0.732761 0.680125 0.131036 0.000000 0.000000 0.000000 1.000000
Frog007.xyz Frog017.xyz 0.983950 0.080024 -0.159495 0.156430 -0.169499 0.698596 -0.695151 0.626336 0.055793 0.711027 0.700948 0.273223 0.000000 0.000000 0.000000 1.000000
Frog007.xyz Frog019.xyz -0.981732 0.011152 0.189937 -0.098771 0.153131 -0.546171 0.823559 -0.911786 0.112922 0.837599 0.534486 0.385687 0.000000 0.000000 0.000000 1.000000
Frog008.xyz Frog009.xyz 0.931368 -0.101584 0.349621 -0.340272 0.104530 0.994467 0.010487 -0.015913 -0.348752 0.026779 0.936833 0.080771 0.000000 0.000000 0.000000 1.000000
Frog008.xyz Frog010.xyz 0.675368 -0.215558 0.705274 -0.676700 0.224658 0.971012 0.081644 -0.093429 -0.702429 0.103308 0.704217 0.328335 0.000000 0.000000 0.000000 1.000000
Frog008.xyz Frog011.xyz 0.148087 -0.278827 0.948855 -0.885003 0.305110 0.925515 0.224349 -0.240370 -0.940733 0.256283 0.222130 0.822131 0.000000 0.000000 0.000000 1.000000
Frog008.xyz Frog012.xyz -0.305584 -0.264582 0.914666 -0.818974 0.295572 0.886803 0.355270 -0.366969 -0.905127 0.378915 -0.192788 1.227611 0.000000 0.000000 0.000000 1.000000
Frog008.xyz Frog016.xyz 0.910156 0.042529 -0.412077 0.387737 0.270632 0.692075 0.669173 -0.703986 0.313647 -0.720573 0.618385 0.183406 0.000000 0.000000 0.000000 1.000000
Frog008.xyz Frog017.xyz 0.865192 0.174937 -0.469935 0.463082 -0.453776 0.671940 -0.585308 0.526794 0.213375 0.719650 0.660739 0.307329 0.000000 0.000000 0.000000 1.000000
